+-------------+----------+----------+----------+----------+--------------------+
|   迭代次数k |       ak |       bk |    g(ak) |    g(bk) | 新的区间           |
+=============+==========+==========+==========+==========+====================+
|           0 | 0.2      | 0.8      | 0.2127   | 0.4557   | [0.20000, 0.80000] |
+-------------+----------+----------+----------+----------+--------------------+
|           1 | 0.2      | 0.570818 | 0.2127   | 0.165929 | [0.20000, 0.57082] |
+-------------+----------+----------+----------+----------+--------------------+
|           2 | 0.341641 | 0.570818 | 0.119607 | 0.165929 | [0.34164, 0.57082] |
+-------------+----------+----------+----------+----------+--------------------+
|           3 | 0.341641 | 0.483279 | 0.119607 | 0.119501 | [0.34164, 0.48328] |
+-------------+----------+----------+----------+----------+--------------------+
|           4 | 0.395743 | 0.483279 | 0.108591 | 0.119501 | [0.39574, 0.48328] |
+-------------+----------+----------+----------+----------+--------------------+
